---------- Matriz de Ocurrencias ----------
939.0 1021.0 960.0 975.0 
964.0 973.0 979.0 965.0 
1012.0 948.0 985.0 1000.0 
981.0 938.0 1021.0 1088.0 
----------Ocurrencias totales ---------- 
15750
---------- Matriz de probabilidades condicionales ---------- 
0.2410164271047228 0.2631443298969072 0.24334600760456274 0.2420556107249255 
0.24743326488706366 0.25077319587628866 0.24816223067173637 0.23957298907646474 
0.2597535934291581 0.2443298969072165 0.24968314321926488 0.24826216484607747 
0.25179671457905545 0.24175257731958763 0.258808618504436 0.2701092353525323 
